version https://git-lfs.github.com/spec/v1
oid sha256:55d6300b40392cfeee8c70ad4f84c6236b20d4028119cb8665b73049ee15593a
size 45596
